0
0
71592
63273
79841
0
272920
0
19188
0
0
0
29383
0
0
470646
84401
1437558
0
25330
4224864
992552
0
17316
0
62988
0
33014
169167
3722809
185002
122479
29740
252284
0
15776
0
1246541
0
0
0
0
82154
0
1569892
1226734006
141894620
610831
13971
0
0
21355
0
0
0
0
36269685
106431
101924
0
0
1152408
0
80144
0
0
0
31994
0
32197
153141
1116644
33177
8793940
0
35956
24397
0
317695
0
0
0
44507
0
0
1825652
0
14208905
104638
67908
4468180
1356491
1309016
16282891
11128841
0
419158
4675567
0
13959
19586
16108
118410414
888956
54645
15267
0
1595303
37011
274747
348221
12932
30780
0
37835381
8780656
17678
27538755
73556
11272339
1176240
464591
15167
0
0
0
0
0
97583096
0
0
0
0
0
0
0
173718
1349788
92070
107043
137375
33093
0
0
16470
0
444121
113772
0
364417
191691
159727
0
24950
372948094
150781416
68959
18814
414471
0
0
900451
312239
0
0
57103658
180316
27373
616732
0
171343
0
0
64661
1808955
12014007
230082
0
0
0
0
21535
0
0
110328
0
0
0
0
0
1543205
24742
797585
47500911
0
23924
0
0
0
0
0
28375319
0
0
12899
0
0
0
295977
0
0
0
3314916
140957
1614522
0
0
0
0
127253
20703
10030370
96862
0
0
84769
2159611
36215
0
28113
0
1917319
28626
0
0
0
0
0
0
31146
0
0
28395
0
105864
440387
0
0
38913
2162395
874439
34667
48219
34103
0
0
0
17059844
13261
0
0
0
239116
77914316
0
0
47423
972850
32614
69914
0
0
0
692035
32472727
0
0
23952
2068644
510781
36273
0
0
79868
21242
7132147
448710
10490554
0
5478643
6220739
267309
270374
16064787
86771
0
0
101898
637228
203474
204946
39827
4541475
603850
0
396325
67052567
5468839
130966
0
48769
0
44838
0
0
0
0
66464
497342
2099181
0
39326417
83444756
294291
0
3743858
0
27832836
2627835
7831337
159231
1143776
13600
271859
0
106564
201600
0
28001
181774
27910
0
791672
0
11065507
247267
141586
104687
16543
0
56160
7806844
0
0
68334
0
0
498099
316773
25154
0
35247
2201683
1094662
689951
8273641
0
0
271389
540428
0
907030
296510
0
0
0
26543
0
0
83431590
52215
1346779
0
0
318536
3187842
321480
0
117386
70822
554922
0
0
97604
95151
0
27256
154794
0
62912
27966
37853
25294123
7991036
17016075
2798286
9267505
1232364
0
14401
0
559141
31334688
21791
504530
324336
175826
0
4146793
0
0
91257
115640
53865
8465905
1497815
146490
0
768949
39883
22835
0
0
62848
14611
16159
472677
147936
61179
14888
0
82656
97111
936808
37349
641057
154873
0
0
16507181
0
0
0
0
39349
36425
0
114178
295138
389447
0
42534
0
0
0
950562
0
0
0
0
27269
0
812311
50551171
76341478
352278
68595
0
282360
1617357
0
53093
17502
47832
75596
598371
38767
0
85785
0
0
32570
0
5057261
26654
260000
151492
129194
0
155258
0
0
0
289091
0
121986327
78703
0
0
0
0
13966572
37383
0
0
181243
0
0
0
26269
0
0
0
760267
51766
8353605
2172332
28698
701697
2731662
46804
0
0
8337093
45447
0
0
495534
13866785
48949
0
0
6001844
0
0
0
51420
0
2018777
2609029
0
0
0
163483
25150016
0
70170
11563142
110715
125628
82425
0
24659
989351
0
29896
431117
394835
333481
0
0
17215
0
0
0
175243
12971
888745
37312
0
0
184747
3011008
0
11768649
75532722
948596
473664
0
0
4626441
84389
54553
0
0
70422
54173
803070
3855224
4583177
18178753
83499
0
718311
51145
0
54205
0
0
0
0
0
0
0
0
12221120
173626
0
488481
0
0
0
908471
4375988
0
152901
0
66364
279451
0
73826
86729
3347389
0
0
127014703
20786243
678597
207367
120764
22980
0
0
26850
0
0
609018
239524
0
744671
0
134666
0
0
79392
34496
141480
9798008
154606
3902711
0
2710283
449613
0
43203
109324
767435
40092
2877167
0
581489
40613
354132
0
36508203
12784
0
1745587
3230337
59652161
25700328
0
274221
0
20063
400767
0
0
0
5217370
0
0
19334
0
688520
0
0
33994
1685087
0
29666
53425
1495473
276049
0
0
647257
0
0
0
19386
385758
0
0
0
0
0
0
606243
0
0
254983
28802
0
0
0
41201
0
12841
0
13449
1042257
0
0
0
0
0
0
0
19694
1047472
27016030
22606
16716
22216
0
18209
161419
0
25536
17081
4797208
5385205
15679
6145138
5290145
0
0
0
0
792721
419677
0
0
100220
0
0
149105
34786
0
14124
669063
0
48414
42864
0
0
0
4716100
16235
14862470
173816
0
68596
0
261017
78514
153800
712551
62743
24948
13683840
884078
256614
210906
94508
485561
137642
106049
0
787833
0
260129
1182286
16230
1187929
43780
20842378
238539
0
93807
1154062
26516
1940675
30582183
145651
0
215030
0
62734
0
111899
274090
70276
340426
14315
96541
285757
0
186940
86373
216791
15384
22116
1319916
41654
431387
20516
0
75129
1223270
29190
3504549
0
656133
1839524
145814
12921548
0
1821739
0
252405204
30386
62041
8663363
137891
84840226
0
2757419
10544774
59901425
33223
25169
317589
178307
387021
39488
306217
95369
61685
29914
0
7835050
65650
3503755
494252
5707960
648561
4229776
19422
189079
0
416010
0
0
31004
0
0
0
160667
0
57450
0
0
0
14407
1825243
569591
119261
1397958
0
365968
0
105642682
10825324
87974
145800
22734
229428
3032813
0
358497
7607524
46499
3166516
118875
22926868
14787561
25518
6367861
209357
21947
160328
425302
1000401
0
33592
215169
0
17484
18687
0
0
0
2327119
0
106016
366863
311081
2633610
90230
439436
31021
0
0
38269468
0
191296
0
119815
45434902
60965
134200
8636352
4288534
0
242783091
0
51673
0
0
297360
115135
0
126913
103562
5820002
4743841
7346354
0
145701629
5651790
0
0
0
0
8992211
1010930
92458
97606
226135
0
0
52776
124117
2393928
215039
51470
0
0
0
108650
330199
58033
26479
687726
0
147739
0
7551906
1056010
547615
0
13762
0
0
373969
0
42868
0
0
224868
306327
0
126006
27006
0
0
105740
439416
6858121
571985
72891
58495
0
0
0
0
1692595
0
0
0
0
18778
20562
0
0
0
0
0
0
0
23321
57588
0
45080741
0
162754
0
137910
20170
0
16845
335335
31810
0
0
0
0
0
58886
14746
0
782849
55567
0
253016
0
0
258267
341954
53763
3530897
10740880
0
255543
56263
0
57387
412304
0
0
18248816
13515249
0
0
577216
14312
151524
2193939
50080
32124
850412
9539002
0
0
0
163972
0
37080
174268
0
434729
76820
61691
2936180
19693729
120549
0
19278
0
0
20224
0
36286070
0
0
0
2002028
8302447
127349
3086130
0
0
135378
1056982
0
409188
0
45002
0
0
235736
0
244690155
11527988
0
0
0
0
0
0
68598
185777
8170544
0
1606490
18150537
49365
0
79486
0
9387171
0
0
176015
0
0
0
0
2448412
1088632
0
144793
20013
124878
1989071
397961
0
9680982
0
0
5477461
159216
0
21869
263458
0
16485480
1627355
19794
5257629
0
0
93096
3708978
16549
0
19557
2476009
21681
315923
332665
49694725
244531
46978262
766763
5155053
61348302
34378
5456938
33990
26544
249068
4229918
2556663
0
0
0
0
0
91789
80668
23387172
39292
75731
3906671
0
421456
28171
4129800
776249
268623
86781
1722003
0
0
0
212361059
191697
14110
1239080
15600762
0
24111
0
8964342
0
27432
164468
181807
36179
22819
19385
14099
170580
24225
146406
14619
0
0
81542
36747
0
181052
350651
125025
180493
231716
188533
1903710
0
0
720481
1870671
60028
197551
0
40320
32100
29471
19223
43633
17710
267384
0
41704
31187
3682849
275931
0
136941
34612
3999701
0
15431252
385216
301402
7717501
409772
767108
415527
0
0
683697
438690
27819488
22431
0
0
0
21461250
379438
29996
160116
0
34796
0
347710184
0
52775
524101
20346
0
51432
24287
15103
21230
13675076
7723310
18968708
14218854
1178694
71828
98945
18314
88043
65124
172497
83278
14737
5114852
16638
245222
345460
289979
257924
154527
0
0
22376
3379421
865654
0
0
59935
0
0
0
712863
559775
163576
78787
57276
92410
73267
26384
59087
24625
100045
24685
20083
520067
0
116726
54727
22303643
0
0
219928
74047
81909
0
463473
0
0
915747
2666510
783946
833637
0
3287191
4193933
114221
0
0
5778226
79417
3592432
25787744
0
0
24725
0
0
0
0
0
0
0
49842
152198
2182960
92726
170564
30353
332940
53166
149273
981945
23839
33612784
9321885
0
0
65964
82807581
468538
25065
31986
730649
461753
14298573
0
339931
741156
5221356
0
2772503
567755
191036
0
0
26177
42894
58124
13575360
51242970
307756
71130
15322
7716901
0
14489
126037
0
0
0
0
4683680
0
0
276955
369926
0
630788
646492
8094369
8650665
32599674
264521
0
24912
0
0
800254
62671
816003
57608074
1484879
0
66915
0
35611
774000
61956
73335
1089837
984387
32178
21370126
77996
2441409
0
0
0
479526
10460811
133473
215016
87727
0
1042305
6044943
0
1312361
0
60177
0
1297117
64112042
409717
14540
455296
69936
216438
15864
29676
489270
10018684
0
103885
1216912
0
0
0
0
0
1178018
24357
52761
0
32186
47129
6165133
0
0
23611087
418361
0
49160
54425
0
15479
12874
614179
4519674
0
0
1955438
583867
0
0
0
77203075
61502894
39457
0
5028440
881613
0
51261
1181562
118031
3540837
1532418
0
51541
0
0
1501221
692057
0
147990
10355431
56806
23237
0
38923
153250
14525
518060
45792
130839
39646
0
0
118710
214252
0
5730050
27287
79451
57395
532923
0
53977
57246
192323
0
24021
0
396862
0
58788
79244
5646090
290057
27611
250632
9460104
3221640
0
57385
59931
178515
138116
88635
366398
32738
5147573
412048
62772
6101027
445882
0
0
0
0
710437
15705827
1213820
93137
15179
0
38293
2505600
8968856
33867
0
770092
237464
42024703
128866
67496
0
0
0
0
0
1070798
23946
0
0
30848384
266973
0
531622
75061
61542
45575
8052267
70082598
0
0
0
331714
0
17250923
32499
0
478989
1094377
0
87413
1717624
0
0
0
0
925745
0
0
2730706
0
511070
54107
1943021
66504
0
0
0
31441
55746
688283
655061
2262690
91635
5565500
0
0
0
766201
61073
0
580506
43661633
242513
0
0
0
0
61132
252215
0
377315
11005001
1517437
24794
87567
18180
140537
1243547
11712039
274413
415924
8278196
13772033
107189
0
65626
830262
0
22313
586192
0
209480
3790795
41144763
43027
199219
643291
41309
110559
30260
85551
485193
454767
200971
0
48568
153600
113985
96287
0
4902351
0
105633
0
3398374
270809
1715865
23634
134432
121094522
61530
2333049
791142
4757269
284139
335219
9748668
0
405785
71443
23434
42572
154818
11109404
42604
942813
52249
84962
150212
33056477
45840
860402
2722336
3559795
952422
0
538695
371797
382486
86255673
177165
0
1166877
1645690
56402
20400979
2092828
476810
107679
118554
0
0
245944
0
0
0
0
249786
65904680
0
182199
0
50776
2355316
0
27985
0
0
0
4081957
0
0
43532
70881
9484993
316917
46829
59550
40486
139880
82339
0
4548138
152229
66365
2358848
44128080
0
434287
33401
86902
10301064
31561
0
0
0
0
904726
24119
33549
0
30479
81480
0
596230
0
19821
146961
13726
0
88927
0
99271
19946
467915
31119
80636
118832
294863
0
35928367
40764005
18222
2498505
0
2867858
15375
172039
4168927
14570
1374428
8690268
0
789805
94699
159940
459373
20082
0
10554644
50499
1627316
35027490
36745
10971945
517410
2666432
91118
212867
0
0
83961
37524
97049762
9903572
244491090
2681029
411919
3648929
2252629
32509
106929
0
536433
39037
74424
129249
8293823
13516414
0
5729809
765973
412145
171626
0
0
698851
23184
7771502
2212526
129430
66368
45699591
36895
89439
119747393
14372798
4553187
4489643
0
1115076
49195
978917
124472054
374606
1605671
131531
1007675
206390
13982676
37688
0
0
123068
240510
0
0
27919
30328
112120
0
0
0
508651
233557
69794
23345
0
0
5156247
1448146
0
13245
61034
64006
41445
263066
0
0
55330
0
114436
1312600
3123447
565322
9409845
31788
0
0
40291
166142
54217
171399
9574825
0
13831
31923
270215
223080
2371231
20686
694218
0
28372
834005
0
0
0
0
0
29066
1743446
65521
0
3993843
0
157701
0
0
25209
427247
0
31971
0
14448
0
3475462
43924
38841
0
0
27894293
73968
17452
0
11195944
42011
3151464
0
65522
10283668
0
49495349
0
16123
246726
259453
0
215104
0
40085342
0
3639509
758323
187651
265523
1570521
151414
0
244919
0
292452
3531117
1354393
191087771
75845
0
0
279866
0
1260902
522200
45381752
88447610
371970
0
27852
0
111325
787981
0
0
0
0
0
11923960
263089
71501
536746424
0
0
5898886
273901
5697476
63515
1061564
946281
164177
2481872
28987
32846497
0
1037485
1450056
0
26624872
47107
0
910686
36907
0
0
9284578
0
0
34608
0
0
107853068
0
9764137
468861
11337220
0
0
639706
698870
3081501
0
0
0
87246
34881779
134048
125391
2988321
0
345355
365864
67116
0
0
24514961
0
104312
0
490751
0
0
0
47716394
51688
20528
4107452
142352
14436
73031
187245
4412823
0
0
50999
68176
15043799
358614
3557169
2354000
15903
3048388
4330278
571963
1152037
34503537
1224930
762548
673554
605245
0
0
0
0
6665722
0
0
0
0
0
1503707
16449733
0
0
21657
97382
145079
1386754
1175947
0
1034873
233644
475478
8807299
23740
46813
0
5494297
112965658
2092808
14059
0
156852
104043
282561
1465296
10592758
1515329
0
581184
64256803
3116034
1245404
16695850
1362567
2711522
57104
972423
0
550501
873979
33774
412474
55186
379190
6444848
41397
1538688
568494
70045
312319
0
9310976
61871
216832
0
0
0
50322
39954
620643
347030
401144
118920
50051
62292
25881
0
0
0
2470395
32767
659994
60526
0
0
0
147809
144776
0
0
112876
0
85911
251088
171985
55931
22335
184788
0
95887
90567
0
41162
8818272
251898
0
653551
2380982
217931
96129
1983675
2588392
1063639
85418
206732
318993
48528
0
67386
182185
45380
378659
12150135
400005
993128
0
0
34704
87359
26452
0
23702154
121681
101090970
0
0
205184
0
509908
31330
4581367
27331
3451640
302311431
40345803
4874541
234254
0
0
0
1138194
127719981
0
0
39880
295821
94501729
264469
219812
720367
0
41438
1463253
89560
95006
0
39950
0
23397
0
0
32256
34726
0
0
0
15399
52174
0
0
35392
0
12838
0
0
1055615
16633701
16528294
170586
77993
13480763
107613
0
402123
32544
4888961
2185208
103198
76001
5943974
15414
0
15302627
408565
2336818
1199466
2859784
0
22904
962477
23032837
124122
25898758
446499
44604
3398609
38159464
228934
1811981
79672
1724183
0
0
768351
0
588735
0
279364
5477034
856635
2986282
0
1423971
362258
4352198
374599
1878107
40361756
640746
44647
0
0
30106
211540
70718
3880385
0
78587
169181
19604
918524
260943
1468213
0
0
69081
229759
88397
0
137861
1067661
0
65773
7931319
1182812
74230978
0
149483
14132
11409218
16651038
1294733
14014
0
5119129
30151
0
0
4180956
0
95123
118000
673404
328553
303067
0
0
223824
3576348
2267452
0
0
0
158006
1904607
0
220112
0
426932
20073
1887321
5774261
133644
218200
0
1408615
0
24687
0
23438
0
0
17895
100163
61020
121207
41591
278558
27564
791725
47215
0
612220
37743
0
0
1308527
0
1061697
155780
0
0
478423
0
97052
0
1955657
0
1489176
0
19951
203518
628416
506765
0
717837
2231026
0
0
0
4029540
3982181
0
13364
11071177
360365
0
147465
0
86926
0
0
22557
0
152750
0
61070
3305791
0
52575
0
133995
0
160890
0
0
98740
0
9289150
60893
33996
29585286
328470
0
0
0
0
0
0
0
525906
808464
24372
0
75932
0
36124
0
33545
0
0
0
9211193
181878
0
268813
51615
0
0
0
14522
105837757
17557
0
8781961
5124326
0
0
678083
14260
178986
142954
0
298839
60420
384012
264150
26728
23436
0
51147967
104815
1098188
0
143619
55601
7664864
24917
0
0
1073638
942679
0
526302
0
0
17063
0
70225
27826
0
0
2290842
0
31732
0
0
12707511
89544
38442243
567059
18838
2226219
18929
0
0
0
53322
38855
0
0
61873
57082
48953
0
0
0
0
194371
0
130611
0
0
503682
0
0
28715
0
91189968
6174968
1202452
53140
0
217282
118782
0
83216831
0
0
0
0
52384
352940
0
38385
4633794
4259542
0
9581095
0
41084
7220643
97054
0
456390
2311933
18435
4956622
0
4131188
12098868
0
514956
203238
0
3636121
0
29517
1307732
0
89493
2113985
85462
28583
0
0
0
1207925
19135
0
0
454377
0
21755
0
0
19734
94806
0
105376
70349
1262430
0
0
12832
21911190
0
0
0
818200
228848
560024
19642
243468
44880
28051872
40571
640909
69870
12972
138873
0
0
0
4602331
4984806
0
45556
55863
0
215000
77499
0
4737554
3155542
5225392
1075764
208737
9688338
31879926
0
25003
6319608
76120
49777
0
278422
0
0
0
0
0
1348652
0
0
0
38311
26353
3315227
16062
1887521
2297343
970434
107380
28152649
12869511
66835
6896016
131748
24904
170178
454917
0
0
0
0
16049
0
0
31149
0
0
0
0
21870
13071
0
0
719996
7081367
14922472
46955
68305
826353
48336
114430
161963
22161
9280692
178722
89663
164449
67766
0
734427
0
0
335242
0
59558
76972
4207940
5870429
14372
6991045
0
21369
0
396736
0
20789655
27978
48131
161256
0
455104
788616
342692
0
3399128
290743
2261961
114059
54467
420174
250449
255349
0
36255
426751
41912
231419
0
1897828
20219
0
57914
22748
0
0
384505
0
148968
0
0
16101662
23302
131778
7067687
10404995
28360
6445126
0
0
0
2373753
0
32374
21172
1386002
0
281979
66065
457821
1047835
261166
2452406
1066624
56674
0
0
129847
33136
119704
2920964
322848
22839
0
1424316
187307
0
0
0
161122
0
162980
0
295948
299212
0
1534076
0
0
15957
14768509
571643
19185
0
263783
59645
127016
0
78198
19033
0
0
1048362
0
1016614
0
0
131677
80821946
0
34797
2283881
102168
78428
76967
0
22065047
2266400
21677
703247
0
28809
0
441740
676815
0
0
22823
106741
60734
37549
381527
0
8058734
720360
627077
7096675
0
836168
0
268785
189463
44077
21883
31626
62871
99351
24436
43477
51985
20229491
75350
0
646161
13398
42277
169040
0
0
0
20227
51709
123724
2132988
146028
153891
464581
22337
0
0
0
0
0
0
0
13105
197560
0
38761
4717242
43861
0
31799
0
31347
234104
16014
20311261
152874
0
3032657
0
220543
34906
0
0
0
82837
0
0
0
5683356
941403
23016
0
14201
161797
0
285802
181025
52916
0
0
0
0
4578206
288639
0
275011
52031
0
0
0
49093
74532
0
91195
9776227
275217
17178
16675
0
688044
0
35033621
518855
0
6411642
4373046
20939845
136033
1777243
0
484861
16206
0
51731
112289
14827380
5458448
57222
1649823
33518573
40377
76098
0
0
74159
175993
0
0
0
27318959
13039
0
0
0
6331606
679179
894704
3889505
8248787
27603
29254937
303778
0
107799371
469988
0
750988
15401
24936
196087
145557
725818
0
0
35894
0
539170
156194
8187657
16010
154345
0
5545848
1156106
0
16611
38827156
1160196
8560748
10519219
13260
23371
0
0
119314
44723
5592001
96792
0
0
0
255075
0
0
361978
141276
39914
142487
339003
3618693
471241
907928
64868
0
1144089
212809
754275
16335
137632
26201
0
51993
35678
0
1971678
0
638505
0
0
36301
66436
32611
842623
357766
0
16420
0
3230609
1200377
88067
0
112570
0
2088285
0
161356
214757
1917052
75014
0
0
0
291121
319795
293268
123989
29199
0
14299
162445
98445
0
155000
0
0
29926
35849
0
0
0
0
407334
192040
0
0
390563
237576
2339959
19000979
1567578
0
0
0
0
0
0
3072068
0
58921
2014411
512083
0
0
71474
89927
9123557
0
1060752
0
0
0
68914
0
4175668
16785232
0
0
68801
0
28115
513815
649223
100013194
1661937
26843
0
61059905
702343
791426
20995
615614
0
40013
3412832
1702828
0
0
449278
51173
0
0
14831025
9558308
27731
0
0
174213
123738
0
873634
1568009
173335
7826115
382916
69341
0
4631228
0
0
0
0
772484
0
0
0
41819
0
0
29112
65964
156232
0
394773
0
128336
538029
32567724
0
0
18345
0
18365
935010
49671
26695
0
17472
155343
0
16161
3484326
0
7299470
28334
5748899
295636
0
0
168528
24261
23795
21266
12673836
0
27904
0
0
74984
0
0
0
215496
39723
0
543019
0
1375481
5697594
443949646
23437
0
1217930
488846
0
0
0
0
294621
0
47283
349219
1251050
0
0
0
508331
18069
71525
439231
0
127878
0
0
168497
0
24450
26206017
1826567
0
0
0
1263603
0
15204
32588866
568591
0
195844
0
1329511
14084182
898806
0
74400
50141455
0
0
0
145576
23208
0
26155
0
878274
0
0
347067
119394206
0
80717798
0
0
87197
1574245
0
0
81179
52857
0
23285
0
39569
0
462834
1680235
0
0
1908076
0
34832354
0
0
4044391
3086642
0
2057313
0
100011
0
101361
0
2307054
626971
45651
115156
13864
0
774411
0
943538
89396475
0
0
0
300083
0
23279
0
0
0
0
0
272809
0
11750312
74013
1581770
0
14849
37611
41383
38928
337234
0
0
1877315
1333320
23360
946491
1339385
0
0
0
0
338721
0
0
0
0
0
0
6533754
0
605626
223759
125515260
249660
189325890
0
0
211591
1015737
4214149
0
804417
48288
0
0
0
22304937
193526
7364984
14133468
0
676432
31485
0
1109622
0
96019
2801261
0
0
25349128
1963047
0
0
434997
2324561
467751
1056760
149713
59377307
141931
0
151420
0
0
0
31044
0
0
32122
57520
0
3149621
0
1678751
9938155
53232
15050854
1221287
351671
71109
36041603
0
1899648
461088
881747
0
0
0
339469
0
0
13682
102331
27790
0
12015364
23695
0
2565744
4091127
6435300
35936559
444208
62739
1833800
0
33214
68147
0
33213513
33476460
1319098
77940
0
8777135
0
0
0
19896
347216
0
1516099
90753
0
0
14600
96545
727546
0
0
61736
454064
0
5093799
0
0
9908537
27882
14425
0
325011
0
28179
144307
6779744
427996
519225
0
78585
5363547
347937
0
0
13112664
2298940
76451
0
0
26199
0
0
13674
522653
11867822
0
74673
0
930853
3386604
67037
17406
0
249513
102487
0
0
38620
6244239
0
0
4166016
693557
0
1032064
639441
0
28147
0
4153858
0
31593736
12212683
0
0
13589
0
0
116753
86983
351412
29748
0
639391
252935
98609
392714
185685
28295
97346
0
2521124
0
446209
6796605
34209
0
0
0
38897
0
0
0
897865
0
16519
214175
0
789613
0
717875
88255
9208954
21134
580029
105297
0
3127968
0
2897593
72254
110094
75712
0
0
0
1744267
0
0
158477
0
8582665
10792786
0
0
0
0
0
0
0
15530318
5134463
103901
23311
837884
0
0
0
278867
227901
0
0
22735
135289140
670385
0
33598
39852
1838655
0
0
41451
21173
0
16255266
8133138
28656
30784313
0
0
35149
0
37497
30718907
702264
125524478
550472
31954
0
303542
0
2630389
499537
70954
35200065
657205
0
2077997
0
97649084
360811
1816047
16280898
1620321
1455912
3270544
183173
30098
74417
15235
88109
0
14495
8031937
26208
6407259
0
0
25497302
0
0
578161543
927276
0
658490
0
979557
14154
1518593
39568
0
0
123463
141567
433791
49215402
554896
7513516
118592
194519
19150
387543
0
408860
0
14870655
155382
1924190
847014
0
442666
8527495
42179
0
0
0
910609
21660
1163036
2190533
0
68391647
1150132
4911343
265029
0
2856172
0
0
19928
0
668194
454043
0
502699
244621
10364423
0
0
6768724
1056974
0
756518
176393
0
2226500
97473
858118
542812
4894680
0
74117
682999
3230800
598531
0
1817719
0
442097
40623
0
8808655
0
2585098
15523
47050
23265
0
13979267
53759851
997539
4756211
0
140569
0
1013783
0
0
5162842
72396
1749635
10797166
53909
0
79163
0
814535
12943336
1168887
0
173970
0
838045
79790
327545
0
5625285
4090740
0
0
188696
5718564
0
47235
382728
351933
226531
5844761
65626732
0
69046
704386
0
101746
0
0
0
533300
0
55908
2282227
2314106
169908
1050468
185419
1842202
13760930
161177
1367992
0
997617
833672
41338
56983
0
11884559
21150689
40829
3167945
90698
512263
200416
499808
103746
0
79199815
0
386914
56728
105776
3977390
5226805
340426
3592612
0
544011
63561604
1795408
20149609
737169
7415064
254478181
444920
16078
205501
228402
0
0
0
0
23875
830765
232005894
135738
583578
20702
71302
147855
0
54921
801589
18525
1042532
197311
0
0
25385
36618
167627
696174
0
46079991
4916960
31392284
0
76522
17220
24184
21465
26636
15378751
0
17669
3908219
2683280
534734
888094
14425
0
22321
0
178783
176281
38781893
327989
422181
0
4364192
29815
2119656
0
99652
203691
152512
1284684
584571
120455
0
2309089
0
128481
185379
0
2326307
86555
0
100886343
0
0
0
248077
5940685
278469
742356
0
0
594804
17289
22767191
17084
62180
0
866546
171893
0
0
3058134
55113
46030
1969555
42078
4657731
0
0
0
30257
0
0
0
0
117114
400733
0
0
23358
48616832
109154
16052
956671
0
27189
55721876
234370
2000715
41280
0
21067
5587279
34281806
0
96177
0
0
0
177433
0
1887389
83270
48262
0
1359038
41659
0
984514
13517
0
435961
0
14545
1278430
0
0
14886
0
5241931
0
0
0
0
0
0
761144
336756
790611
27337
22004
0
0
77158
0
15707
0
132748
36976
43017
22394
395070
0
131276
10137566
0
16673
68049
0
0
17753
150294
171399
84109
0
388808
296535
44736
40586
0
0
0
45134
161217
14580
21101
0
90910
3144985
305930896
31934
0
141727
35426622
116430
0
0
553397
0
227271
0
0
1743105
240308
0
53220
15170
67468
29551
90458
0
0
31214
226734
37010
866274
0
42928
0
173084
0
2176273
0
4277836
203961
0
63283
0
13148
1426083
38694
10734618
0
1536519
17474
0
0
248813
9952466
0
215308
0
0
338487
0
0
798776
556178
43269
352668
0
0
0
0
31136
0
0
0
62075
29264
13226
0
555917
129741
156793
26247
0
0
0
0
2626927
14738
0
1230211
0
2710575
987806
0
1299115
56760
415207
0
0
31457
0
26858
0
0
608694
53707
0
0
0
12396954
1332113
65795
1627726
72886
0
157335
1548016
147512
22344091
0
1239020
0
29699
4275567
166060
102915
0
50674
0
0
888353
0
105865
0
88099
47991
62994
0
23481
0
0
241654
159837
89465
16083
241650
0
0
14490042
247064
123412
17098874
0
0
0
0
0
0
483433
95412416
90433
0
39052
39029
0
15396
84043
400858
171141
0
146810
16276
1471759
52802
46387
33850
15812
29873
0
995339
0
0
0
0
387772
16916
132325396
778626
0
53771
21152
0
0
492919
0
0
0
46570
0
289297
0
0
125542966
698546
45649146
811158
348348
1168016
22012
47349
0
0
0
2561362
127535
1567097
0
63559754
0
0
1431525
0
356949
232952
0
371095
0
0
0
19458
0
0
0
0
489161
0
0
308665
0
0
1731344
0
0
0
0
0
272373
0
0
363646
0
113594
14554904
0
76001
0
0
52283
0
878018
25416
0
13158826
3426618
0
0
4714578
372911
0
975384
0
428787
13442
0
57779
0
389852
20171
0
632257
0
0
0
60339
527105
0
27374
12609820
0
49971
0
36766773
0
2184919
0
0
0
50563
26246
38152
0
47193
20707
725475
0
0
452132
54161
149310
0
30932
22441
0
32011
0
155284081
0
333197
101899
444797
0
37851
329846
47267
0
0
150383
39410
95676
33946
0
80810
121530
0
0
0
13542156
0
0
1046835
16325
52507183
733518
335656
594965
1187234
13989
42729
0
70648
41866
13620
258119
20285
22403
18459
0
0
3739382
0
0
0
22229
0
73382
83507
1950264
25809
0
0
0
178549
0
0
97083
52814
289217
0
6870320
0
240551
0
0
502106
0
59461
112945
0
0
0
0
2217657
0
39630
38131
135956
1763328
17642126
54275130
836760
466226
1576259
1122474
10244623
0
100793
0
27822
5240826
68072
56599468
44562
47609624
3638159
15526746
0
3270025
12868953
672155
6929008
0
1441099
888341
364990
301487430
332810
0
47284
1997460
25059132
108287905
31089
1784219
0
41299
22178
17393
0
203902
0
310921
225915
0
1562935
4552843
272880
0
0
0
10254124
514156
139160
2482307
412096
93385
545043
2629556
0
0
64238
519954
0
0
445581
0
473578
94121
14446
0
784476
109301
0
0
0
2637912
160148
16440590
94226
0
0
321842984
628986
15189493
0
461820
13931521
5899321
38041
124042
155690
0
82196
0
0
237505
0
77025
156242
616546
20104
0
0
0
0
0
48251
191918
0
21137924
0
259541
0
0
0
28743465
55293215
0
0
213378807
60857
7923630
1026260
3623942
0
30477
767344
261761
35915
0
647573
206933
96196
53210
0
485882
800734
20956
55790
0
467464
22711
202615
281705
0
105598
22183
0
32641
0
148136
233792
0
64629
0
95876
0
0
19106
0
1217822
24488
0
0
0
0
512932
1147366
202515
213692
78367
0
30888
0
92473
0
25691
0
0
0
0
0
0
29598
0
0
23629
30716
0
0
0
2201227
0
0
18626
0
219254
240316
0
0
0
0
0
4880657
59899
0
0
3348166
0
0
536971
71389
101518
0
0
0
173633
0
0
22134
0
0
0
1557648
590036
0
31365
0
1258412
19060619
17021
0
0
34398
19201
0
25068
31941
438778
0
376059
15691
0
367827
15118
21434
0
537426
4607236
40013
0
182546
356716
58579
427571
31605
240290
25564
0
0
140687
159559
87772
374290
0
159430
0
49087727
7936655
25667
2287111
1199778
287363
226295
64595
504165
34588
0
13596
115439
48438
63471922
21083
142104
101311
4748572
0
435962
270712
21493
46663
0
954384
0
0
302084
107008
33867934
4087715
131060
0
0
24335
561700
1059853
700024
3896261
3173792
467834
2034161
253103
0
0
69060
0
0
154079
0
0
985188
118666
1863024
10569212
90916
554576
1692191
14625
3117529
0
19238
0
26443
0
99457
52114
31148
2841268
21768
67509
18400524
434375
305244
666561
0
937059
0
45436523
31450
1737280
90249265
0
6139151
1105492
296454
37668153
0
0
465975
17000
64115
4041429
0
31805
0
4907543
0
25798
0
905281
0
81875
0
1489908
419629
0
0
0
0
249588
2921411
32960381
480906
805535
17225
0
29607993
0
0
41315
14132
40119
0
0
14992334
57115
0
130779
646514
142676
28769085
0
15186
8271850
98109
889724
978028
0
77943
29538
0
1576813
574043
22044
0
1752925
0
0
0
0
0
0
0
58655
37071
29077
0
0
28804
0
145736
47095
0
0
2503430
0
89689
1700672
0
7468394
281662
290111
76751
321931
676389
1491709
0
47448
0
0
25770218
511265
51962
19592
0
0
0
621387
1758893
13170
16281
0
8393784
0
0
1146063
608617
6526426
0
147904
1845244
87568
0
2730000
0
0
158244
922837
0
0
68416
433375
0
400092
0
8237250
83858
71483
161938
0
0
0
2600534
16248
12981
0
0
0
0
0
0
37918
905107
0
0
50451
204777
0
0
57068
18963546
259059
11529280
85208
0
565475
23109
6834032
260062
33562
104017
36828
77400
68844
170394
4281428
66753480
233113
852384
1967874
83610
53486
18261029
0
426659
23567
94922
9978043
0
0
27247
536122
16787246
201647
2240850
647288
51491
112318
62777
4023408
81957
0
0
2438525
0
0
0
225519
0
0
0
5086531
0
9462715
178655
0
0
255233
3026646
0
0
0
2427037
12363955
58453720
775209
0
198644
25789
120694
50554
1416325
34108
322160
12228736
27629
297974790
0
364264
116296
0
0
507632
2228633
0
198242904
231310420
18304
19107
0
76694
74213
1553261
0
0
726642
378115
0
0
0
203629
0
0
0
0
342866
0
736006
1080886
15491
17539
0
0
14876
225112
59310
101649
0
0
0
0
44989
0
78656
422721
12736
160573748
0
0
156383
1026485
18085495
60767
1492758
45823
186734
327195
4776866
279599
1310081
0
63654
44789
46164
3536968
1509915
2956264
0
147291
1606901
0
85775
1373107
0
0
0
0
936887
3725464
268889
0
0
0
0
34950
0
27756
0
341598
1409831
55766
29523
648758
3153749
40997
12873
0
0
28208
25651
216045
0
0
0
39847
0
0
22795
0
21127
1277602
0
61207
13649671
24270
0
20839
0
26036289
67309657
16744
808896
554390
4635830
77146
358013
50456
0
1147911
120651
0
39882
0
0
397625
0
31412
0
0
0
0
102919
178356
55520
181298
364994
0
95618
50306
0
197874283
307167
178887
105569
0
0
26877
105068
25264
0
0
24076
32549
0
0
0
12973
86447
0
4491299
0
80874
0
0
319343
16009
0
5845223
0
0
0
0
1984112
37616
0
0
242826246
87391857
7722085
22293
21149
58805
0
458533
0
935898
1104540
166395
1980341
1426499
56187
269023
234052
20026
406603
103849
0
965778
3433125
0
17552078
119107
0
57191675
0
1162898
0
28995654
15269346
12721
0
3081776
11938092
21681
119454
0
0
45261
0
0
0
0
1808092
0
35894
0
256072
0
0
123287
29265
0
3116159
2212193
0
16410
0
3443470
488105
0
24630
128427156
0
1181967
330505325
26653
0
33473
7146685
0
0
14315
0
90328
0
28845
0
22262
0
2818856
395853
576218
88101
0
347022
0
261574
0
41772
0
0
731402
0
307048
16541
0
0
26069
89125
55394
0
90535679
117557
79218
624883
0
48039
0
81110725
0
0
0
0
0
0
0
0
0
0
0
0
0
180434
0
0
0
26233
139535
0
849457
11896655
0
142078
17904
0
0
359631
165473
33131
0
151846
30996
0
0
685368
0
3698541
0
35798
6118544
0
0
794019
763325
13908229
6744751
59513
34929061
0
17064
765224
558399
0
5603871
0
0
0
0
0
0
0
49492
0
475865
141701
0
2048833
40192
0
13030009
0
82827
137967
0
19391
21569
0
102021
0
0
0
0
21944
0
83033
0
55138
70519
1014285
0
0
14440
38283
5610302
5578553
38827057
194739
454255
1492319
14622894
56949
0
0
28157
0
2522092
103839
0
29102
0
39297134
0
45085
0
113213
0
0
0
30849
0
0
0
243810
639577
160309
0
0
30028
0
22666
0
0
0
1224674
30905832
0
0
20650
0
10973425
3778910
0
0
121710
0
93700
0
3237095
21158
2793122
168187
107991
54989
384718
629394
128329
22789
0
0
26547
0
0
837876
19611
14287
0
0
0
0
32906
59750
72387
14035
0
0
0
0
71528
0
0
0
0
0
0
0
0
0
0
0
0
0
0
0
212453
26636
0
34525
32933
67455
61731
164880
0
0
0
16695
299591
0
28951
132553
0
1018304
0
0
38492
17130
0
170880
53849
2793667
0
75678
292764
995377
0
6862407
79709
430707
0
89929
381676
0
562850
0
91777
0
0
29296
0
17130
0
132059
0
0
0
0
12909
21640
0
2628993
33741
0
0
133068
0
248067
0
0
0
13079
0
55450
0
0
78676
0
0
20989
13624468
0
0
58635
0
0
0
0
251349
30510238
0
0
12951
500637
0
0
183278
13870
0
46083
0
334180
18513
47041
70570
0
66370
0
0
0
65768
35166
197073
0
14514771
0
22533
0
0
163062
0
0
0
18063
0
795167
93121
46957
0
1481504
38869
0
0
17917
0
18408
0
0
15416
0
0
0
0
0
67078
33137
0
0
0
0
3792491
13023
136981
286716
0
0
0
0
0
0
44422
0
0
380275
241699
6484339
381759
355739
0
380643
27252
95544
16886
5660928
34482138
42624
46172
14914273
22149
824164
3254161
0
0
1808146
0
37691
25278
2813914
58558
0
0
39762
111416
0
0
0
1202129
0
0
6414935
0
0
315840
309031
0
71569
268102
0
0
134105
108906
130258
195206
616898
0
0
0
0
0
149542
0
235592
71162
417602
4250743
193672
429464
11297715
24159
687393
58824
2151258
5196013
965905
13345
0
2796342
0
122164
86395556
24640096
0
0
0
0
18383
922217
42253
0
0
0
0
0
0
94140
0
92682
118773
39394
0
0
0
0
0
0
0
15748
20988
0
335378
0
261188
153380
63946
31953
0
22229
0
0
0
47485
29119
41365
0
0
0
0
15817
0
0
0
50172
23057
2076875
0
14590
20220
0
109736
254150
26042
0
0
87636
208654
1585436
1350253
687367
0
36332
0
0
1589906
0
288577
0
95845
0
16200
0
34328
0
17499
0
0
0
0
0
165096
0
0
0
67973
0
0
0
0
0
0
0
0
0
0
28202
0
0
72507
2415779
16091
313497
0
0
0
0
120056
0
62427
0
0
41359857
753273
0
37866418
0
790357
33587
610254
0
1539328
3296569
16174
34603
5964620
101679
15236
372653
0
0
112375
1050146
0
33707
0
0
0
0
190917
0
896267
72338
0
38732
368163
0
192269
14947463
339793
187040
32438
0
0
235575
1339048
0
45011
148317
23839
80971
53504
11000656
789800
254590
5509634
0
142236
13891179
5489762
0
146488
0
1119712
162426
605210
0
1459542
267733
0
36712
27813
66326
165863763
1814464
20952
123985
0
0
0
0
462298
0
34080740
0
65534
573529
0
0
2678667
96233
1777882
467007
64096
84857974
10502825
1073261
23242
19745
0
22512
783412
47517
0
51683
186539
0
9822471
0
13801282
857420
97676
0
229347
0
24436
0
0
62934
0
0
971756
0
0
24047
0
0
241694
26912270
68357
1695143
321985
13999
0
0
0
0
1516929
30507300
0
1545582
704018
2214133
650957
0
533946
101406
0
1070198
411241
0
179428286
14370
675295
17180592
1310125
111229798
0
70957750
47254
0
431631
0
0
1157598
0
23585
0
698609
249429
0
22432
168700
53057
25931
15190
0
68445
978333
142048771
509988
65556
434372
60789
182670
658762
0
22750
0
0
147542
0
15890
0
4623172
382355
9066930
287912
1069614
22995
0
0
0
416227
17547
77400
6393163
200592
0
0
13460
0
0
0
2606338
0
0
23741
52069
0
0
0
0
0
0
766160
202563642
3566558
0
2202321
734906
22640158
0
1052387
0
0
13020
193039
155704
854892
43929
1207786
0
866830
402617
1165757
498310
0
406129
63456
1166907
408629
0
0
598284
1947603
26434
0
98611
124674
458659
4479565
0
114950
0
126699632
1303464
11282738
132264
29652
9727733
22718
1738684
0
0
0
77563
39567
0
245623
0
847468
1916350
0
41243
0
254454
115046
38290292
18356
0
1015393
0
51039
331196
44144
50651
680830
5802278
4960413
4486145
76806341
0
46335
1055245
63925
0
15768
339926541
142416
0
16703
0
0
0
41894
90854231
6980244
0
0
2662396
0
0
49972
166076
0
0
0
643841
0
58249254
0
438897
0
2768775
366325
135670
423435
0
2195204
18050710
214914
12139363
42750046
270785
0
660631
1033922
317161
166557
9175948
0
57939
138014
80821333
0
151677
0
45124
6887477
139319
491048
652655
0
270742935
16196
91499
0
0
6536771
265108
273698
3009222
74049
17287
21541130
156409
897893
1018661
5539308
19568
0
23477
23989892
103098
144200144
20238
2891286
18366230
3352800
0
308897
0
0
0
0
259984
0
297206
0
0
260915
151573
87659
782210
32818
0
0
0
0
0
43897035
61599
908800
218446
320048
5439483
263368
0
12556710
47910
22120
85037
425806
0
154870
223906
4862111
88710
15251
41944
0
299596
549887
0
0
0
2529180
3942953
402399
0
0
0
18432
89016
246642
613607
255085
3112797
9759485
0
389229
1252710
38259201
0
0
0
168244
29642
0
0
21894
178544
1095083
35918
42761
19719299
9234545
12566621
122861
83464
18303
171464
72606927
617732
543486
0
0
0
0
1271991
0
0
0
0
4498834
0
0
41227
75886
520715
0
51728
1105349
38688
14053901
88448
26797
27306
0
20564
0
0
226711
0
58479
0
0
0
710305
0
0
640708
296904
3611744
153893
20807419
162527
0
199129
19705
2828099
0
0
538085
1538621
204983
466613
0
1164163
154129
21054
0
226354
268163
0
60440
41074
0
0
249268
702157
0
94001
0
26368
103371
0
0
0
0
0
0
0
0
317653
0
32303
1412522
8260845
0
1781845
4920597
44061
36304
6970278
103073
0
0
380378
83842
37254
0
0
14340
173474
0
0
0
0
0
0
261749
0
57657
53959
333122
293238
797523
0
99222
0
2437697
9885853
2023575
356968
0
545418
693680
0
2666020
115622
349589
113889
36676771
992528
0
290097
18251
0
0
1253811
66347
0
246432
12910
5397230
13394
2652029
156974
24132
0
12738
2222076
122592252
59116
16635947
87829598
0
27773
63480
49930
103306
0
8708016
131867
1255552
52774
4362513
0
0
174495
79102
123958
59405
24347
649492
173027
5164902
0
0
298552
1368416
145805
173858
53190
367548
23912
31747
0
162340
335542
12774174
250483
2171900
0
55682
3688699
1448525
83317
19299
1260481
465463
7084688
334298
120966
550732
70350
0
0
195513
18606
9704551
0
163277
135233
38116
158281269
50472
59107
789891
876008
0
14347893
29048
93624
19747824
36938
17292
134004
0
135149
0
173885
41719
4388137
20005
5073104
265406
53009
0
0
177541
0
0
4548281
9461838
745334
515818
112352
417163
0
0
39476
53532481
497140
1493901
2878121
104596
3231878
208467
0
2909215
229482
32856
69250
0
0
44665
31677
130018
0
0
589931
21286
1754819
0
18985
466837
0
0
0
0
0
199945
28685
3820484
365513
1278824
61458
51895609
0
15030847
0
48355
0
100444
325527
13687
0
46043
168366
11515834
116752
18812
105946662
17832930
135676
0
52987
773366
2168286
395095
0
1298392
208732
0
7747036
216432510
1122716
21995
0
0
46469
17760399
0
35867
13873
0
0
31541
64255
308005
76245
1034523
0
18462
0
1355214
716330
32620
662337
1286640
0
68803
0
78158
142639
19131
345320
34682
0
42660
55926
8283476
0
36149
553953
66806
6831149
86351
0
29286
0
45920
5961585
0
54643
6450895
12973
999346
0
6367037
0
0
159214
0
145293
0
131840
0
431998
2833021
108317
56181783
124510
22874915
68419
64415
23887
22884
0
355814
0
2350745
18738665
126347
0
0
0
0
0
0
25398
483806
0
0
38898
0
0
39750
51922
27736
30660
336259
0
243254
22219932
29344
308737
0
344574
3381410
0
0
0
90645
12858
14593
123196001
0
0
49541
2933878
0
14682
80059
0
211732
100012522
18358745
47922
36029
158281
1515925
714163
11910667
0
307933
0
0
28755
0
20111
233985
59583
83183
1187154
33001
0
102246
455535
328039
0
9529696
1025833
2264812
5542234
48616
16874
0
165667
1087516
123023
60142
26097
29782623
280507
672742
218953
7025364
276967
58144
56648
0
32938
0
0
0
96098
381439
0
425445
30396
0
222219
563099
0
0
231828
1925451
452867
2651773
2464162
450148
798205
36570
714477
606942
25395056
0
5558245
3552046
44992
64397
18393
26918
0
449401
149042
0
0
0
24095
81403
933522
87210
0
0
216156
1718570
161205740
15984492
133957
14131325
0
0
592874
43027
113875
35330
753098
32836
0
0
0
0
0
0
555353
110581
2140516
0
0
29259
0
0
0
650262
36986
1552621
208515
0
619237
42202
15283
4328076
492050
20806
0
0
1609120
3025970
58407
238651
0
34061
1721758
1664921
0
190205072
194449
0
85571
54001
2103722
123186
6411384
123027963
2730888
0
77236
1437510
3776452
0
37312
34775
0
0
0
25492
1073540
68559
0
577097
0
3581329
95227
0
501534
0
0
18894
0
0
0
19411
13643598
31610
21130
775524
418685
295725
171320
89583
0
1017416
759670
38381
441702
2382036
78882
0
5615802
65040
0
78236
470059
22739
0
18579
9170238
45477
120668
83259
0
804700
0
2961524
0
40615655
371048
1894147
21248
18153
42057
0
0
0
1479845
0
75151
2259654
36648260
0
779010
33667003
0
46820
22880351
35713495
2309084
15789001
158421100
0
250292
1579636
0
0
401036
0
166237
0
0
25161
0
0
846045
65598
0
124414
29822
111308
22105
0
600467
1860188
202164
0
70259
223133
204002
0
81479
82131
53624
0
0
0
0
0
833160
0
0
907690
18053
66736
0
69657
225977
0
0
0
1878933
517472
0
0
699127
0
50488
194356
0
46585
0
0
199181
1367338
0
0
73135
65820
0
0
532036
0
0
21261
43380
18396
0
209712
39866
0
0
34480
227635
15833
535008
0
34893
275321
414028837
0
47139
177529
49228
18113
14809
0
66009
237343
106606
693571
0
153707
223687
13447
0
123475
0
13155
161682
93181
0
66310
698551
25824
0
0
22529
0
0
0
294893
13917
0
4253827
0
0
0
0
0
0
17936
0
37393
28856
0
392622
65713
14261
353146
18025
0
0
53165
0
0
35681
58003
0
0
6463889
342118
48069
1848489
43110969
0
26467
0
0
13771
34099544
103097
71918906
0
0
51563
705947
13381057
22865
115892
3025474
203719
0
0
49859
0
0
374107
43295
606925
17161
207216
0
0
54047
28120
0
0
0
70750
2536094
30001
7434847
3010028
89014
122231
0
215845
0
0
8091649
0
1503077
72133
0
18939
60939
0
88294
1694605
0
0
42505
0
573618
571177
0
0
91828
766318
32471
123595776
1636137
0
0
0
0
20099
53674
0
2489080
97779
0
211412
0
0
19894
4686900
0
0
0
0
116180
0
0
15869
878641
431324
22040
0
0
0
0
6567418
35793
1141883
0
107980
0
28089
0
0
0
17833
149556758
151558
95946
68637
13599
84386
7122879
0
21102330
64185
89263
0
2728391
43660
0
102994
18454
0
287230
1239249
3999108
2762565
721039
454397
72762
0
0
0
28010
1151039
0
108751
0
0
0
1981740
5388602
0
130531484
146679
0
27512
16356
0
0
0
0
138699
208082
4439780
38726
16007
4390562
0
75292
0
0
0
41285
38233
114722
43607
113148
0
26617
0
2533124
0
349781
31420
79256
0
79192
59753
66531
41833
114009
118253
12604679
118764
24367
497653
263991
11208722
0
34012
0
0
0
0
0
111362
25171520
3722908
55380
0
0
1422041
0
150990
62827
374700
0
93498
0
382363
25207
37151
0
14895
47498
13315
131979
59878
213440
0
0
0
378201
32978
35779
58236
0
1665222
3135997
217809513
611383
0
775113
132182
0
3302495
29754565
74828
79958318
32996
0
0
0
932444
0
0
198124
128279
21821189
154066
26329
0
0
0
0
0
0
24399
0
397014
44046
97553
0
15392
0
3964133
942601
147669
0
0
0
136859
764161
263140
182242
33408
18324
0
0
0
0
0
0
16772151
15808
0
686428
0
73950
0
10410171
697326
134732
20464
69075
0
0
0
92726
9270498
0
192579
0
483079
0
0
0
0
1673406
242408
0
0
0
618473
405664
88914
13322
0
0
268903
24679212
31928741
30934
0
293192
0
36128
0
0
557500
17041
0
2280607
178952
34351
0
0
60826
1385252
452374
0
0
0
50950
895586
648137
0
0
0
194416
20595
126228968
0
0
92551460
17374
0
0
0
0
65125
0
21111
0
0
0
104863
0
0
114621
21043
0
776472
152495
0
23880
0
59009
98655
0
0
0
318215
44222089
200255
179394
13736
0
0
65755
0
9298184
0
0
65001
855837
159238
0
0
0
0
243069
0
10289113
216634
25630
306112
0
0
0
0
13086
0
0
82789
0
0
6384730
0
0
24706
0
3858839
14665
0
0
177199
0
0
0
0
0
79302
130679
0
261351
14070477
0
18225169
103450
102743
1330299
25152
57058
1708067
0
4558869
17167
0
141983
290223
0
25080
0
5389062
307125
0
336631187
0
21344
0
9077449
187239
0
40630
14124
208095
0
0
0
0
0
14688
0
86853
2295530
53993
0
8285553
0
53672
0
0
20395
122493
342874
0
978481319
24341
1662335
0
0
0
0
7523238
196199
0
0
3268355
0
0
0
0
0
0
0
78184
0
146433
156963
11245167
34007
124480
362765
1401625
15256
0
230020
1003163
143727
0
3443150
1143660
871540
146663
0
105072
0
0
45073
0
0
2399321
0
0
43168
35050234
58189056
0
0
0
252273
0
0
5321340
0
0
38389
0
0
0
0
71199
5865280
494900
0
22788
0
2755521
409457
634682
120148
173750
11683277
0
0
190899
1668962
0
0
197103
1132184
0
79770
13592
0
3805644
300118
1942889
234001114
0
0
0
0
250638
2717960
21926890
27597
9432115
407754
60362
0
73010
23707
32558
77239
152772
185911
45716
20847
0
50245
0
92509
3127466
27941
0
17014
0
1409502
226170
129184
0
3424825
0
53890
67297
53784382
441440
46002
194132
6396440
0
40631
95153
17978
420775
134292
16774383
3546636
352581
2174306
754586
456613
22881
134939426
26426
0
144540
0
551039
27869
22219
0
19729
464171
158052
44508
38034
136717
0
0
0
23730
48831449
688453
18537
25974927
21525
217836
0
1330679
50960
0
283456
28948
1371591
3698919
520451
100637505
144707500
22277
62369
835840
0
411571
0
0
0
528622
5855460
8913055
166896
231237
39999745
68851
47772
227685
133896
8806073
40474
7627536
0
0
1064602
45332
2339693
0
0
865212
4606318
188282
1914582
0
231018
257565
0
26441
0
0
0
32205
0
0
0
0
309696
0
332515
611882
1439009
273084
0
47856201
3938068
0
0
4011396
15174
78085
0
0
18707334
1105539
169113
551869
35728
49312
105530
0
0
1118027
0
0
78669
0
3763705
22083
39462
4247791
0
229261
447468
0
0
0
893768
5188853
68711
213790
3160922
0
0
0
0
0
0
346788
93324
18360
0
15429
0
0
0
13423
0
135142
1467202
1009358
50346
0
32682
92434
53144
0
18478169
0
305448
400010
25022
7162062
0
50556
416831
0
0
156692
1933586
0
303918
1235177
0
91173
0
61810
415387
1258951
50088
1075589
1360009
205764
0
0
32564
9785838
144844
0
24257
0
0
41390
50057
619402
1676404
521625
2136804
0
895903
153561
59541743
2120813
120445
1072903
28957
19758
3195594
68670
0
0
638631
184350
320138
1095064
40722940
0
0
0
0
36526
734148
0
221261
33589
256643812
1418855
17726
765758
227125249
87817
0
0
91181
0
45176
19419956
44201
0
30280
37578
32328
16627992
711200
105908
0
0
44298807
0
1061175
0
74232
0
595389
380481
1053871
0
41068
0
16945
0
0
69323
448113
27656
0
0
0
148512
0
353742
16975
0
67467
0
815240
0
48459
1694029
0
13767091
21909830
0
0
50783
0
464373
88603
2082769
37529
3062800
394672
83764
1259320
215529
372544
672775
62852
0
157507
1481847
63584
1108872
596841
323824
133998
0
707407
0
0
0
59195
560993
3346631
5966191
151087
0
128339
27084
0
664313
0
17041
0
0
71444
0
0
222360
143366
332028
58335
9800556
0
194285
49345
98586
114398
0
1734444
8813200
0
1037554
0
0
14763787
0
220970235
21481
381780
1679093
23747230
103227
17799728
1265284
77295630
53247607
0
0
55404
240505
24275560
299052
1052481
44469
3723548
21753930
14274314
1125870
1150940
266830
30111
34153
78351
40540
0
36383
0
243191
260940
200925
0
103860
79119
0
24353
0
114698
0
26429
5466589
19834
0
206634
0
69545
891481
0
0
4333394
631703
1269109
3386553
496751
0
106835
0
4692870
2466856
25371
73747
0
0
0
0
98692
0
0
0
110852
0
22060
12662561
0
62166
4248574
0
58442
0
0
32317
0
175527859
339263
19613
530699
129054826
279744
270609
56807
7715471
35937
34859
4074284
30396
1298845
303594
34901
1242601
16112
20694349
2268880
732192
0
197981
98377
347525
56875
0
0
0
773276
16378
2882178
15620
30601
32533
89517
0
0
0
59617
128325
20031
348386
0
0
26506
41542
31951
289973
49363
0
6977605
168046
93165
182153
0
30977
0
0
0
510461
231519
1805254
0
0
34824
3420626
56678
0
777460
0
145097
57628
0
220042
36925475
301027
12941
921063
19171802
0
3604888
1361002
3280246
499031
0
292597
1038358
216822128
0
31494
0
28946
0
0
0
0
985205
1390617
4023912
0
0
0
0
36866
0
31205
13620117
0
0
540889
38976
69818
0
226596368
0
0
0
0
0
0
0
0
0
0
0
0
0
0
238922
446960
64943
825027
0
0
24190
54833
2503054
0
0
510828
382397
0
0
73524
0
0
0
0
49319
0
25674
698730
95089
47337
179652730
84451
0
14771
84918
0
501651226
891337
69288
14428078
82841
0
20417
44883
0
24775
3131523
38308402
158292
912120
55497
0
0
0
178250872
406900
62949059
322565
2648058
71355
742055
16204739
0
9643801
543256
436798
17071
352040
421499
95109
0
68465
0
6616863
390236
3001079
1059042
68612
26305059
3032812
0
3085898
39260
19937
161175
0
2240138
17167504
0
16046788
343421
0
10773043
0
93351
688443
0
0
17518
13384
2220027
60056
39660
1031442
0
0
38903
0
1422877
42581
0
229514
923627
65001
0
0
43865
51563
197236
43886
109285
89451
0
0
32587
0
0
17494
502996
3488647
23349
0
0
0
29788
0
69085
0
33527
0
91215
0
0
0
0
0
0
0
15049
0
0
0
3846669
38127
26689
127398
41088
18893735
0
152053
0
9456489
0
0
6872844
0
0
0
0
585036
183430
26860
1073926
362615
0
116657
68283
0
4167137
6662287
0
0
0
438733
145370
26458
1366135
20468
0
37194
0
126070
5488891
0
76953
0
255990
0
59206591
0
0
33619
0
190514
1065017
0
107434
0
0
0
421975
0
285153
0
0
0
0
0
22954
22032
665560
28854
85806
0
0
0
43594
0
0
0
0
0
0
33281
0
0
484886
1254291
28987
0
1278967
0
31579
4544481
0
109246
34744
515573
64801
2286617
2002127
204823
2804115
0
70774
0
0
253791
225029
0
32366847
2717979
292803
0
0
33075
31284313
14258533
7398569
0
0
0
85584600
43051
16746894
0
790160
5187075
0
31830
188997
15325
68394
309126
0
224626
0
149380
444069
20725
89328
58777731
968086
0
0
0
68402
32350
23407
0
0
3245515
139242226
282770
0
0
347104
3488700
0
612676
0
970447
3625077
9715279
61081
7436380
0
14982375
0
575939
113285624
520001
1153935
0
449911
81403
0
322172
0
55221
359354
461003
31733
27361
0
22861
0
0
0
1222441
0
0
4364886
525576
2183544
2469088
35368
21099943
40083
0
157089
44879
0
248939
0
55469
396996
0
0
0
28903
9155530
12190683
0
14922
373754
0
101611
117848
101376
0
1651245
84582
0
206006
10539650
254831
8110369
20233
116731
128314924
62128
0
24374
0
0
29061
7222499
3561826
2040735
121418
712505
70388
19070672
21177
0
0
296244
179474
0
0
55216
0
57142
105094
0
515109
0
58685
0
0
59102029
16306
325717
137089538
30236
49569
17877
26457942
0
14793
148678
0
0
0
147221
515098
4630541
276658
1368538
0
121953
18102
0
0
0
0
0
0
0
89872
22402
281257
934490
195746
0
341675
0
0
3451657
35687918
4126376
30307
13174104
62667516
98337
0
6122762
0
774273
0
253943
17501
0
147148
45604
260073
12992
15023
25955
0
281535
323839
0
6527810
37691
0
0
227042
235254
60787
26539
2861982
69037
23464
0
35632
0
1955124
82905
13476
184754
378119
146984
93847
35127
965755
0
201864
0
75136
0
0
69010
0
578593
0
0
969917
0
0
18178
1021880
316918
1553553
0
180768
0
2371017
0
0
797352
0
0
27099706
0
0
197564
0
0
0
2236787
13365
0
0
93840
0
0
0
0
6460331
0
0
31944
3505605
1962162
0
0
747535
0
19118
0
0
0
0
0
57339
8856944
9275052
15556
947341
0
0
0
169056
151596
13392
0
0
1111713
7132676
4494106
24985
44455
6561081
0
46990
0
300995
48474
21551
38816
2094682
0
383689
1746487
0
439316
32159
0
184777992
330574
69544
0
782095
21130
0
763880
0
0
0
0
0
10021033
0
1318706
4966700
89180
0
0
251173
2645136
0
23306
0
0
37821
0
0
0
0
8000179
916420
3950428
546018
0
78263
1290094
0
0
0
0
0
0
0
0
0
0
0
216585
0
0
1162642
2619135
56633
88692
727024
20027
1530733
153532
0
18882
161604
0
21298
123653
18650
91379
0
45703
94158
0
69978
181022
305248
8987802
6461201
15993437
0
0
23627
0
0
0
864669
5047417
0
209369
0
875782
273620358
4240019
0
513599
120346
79480
4443795
0
27784
0
0
39811
390910
0
75276
0
29619
28827859
276753
1885846
337348
1463036
0
191197
74056
0
0
2619862
969986
4124482
183120
19205769
2412508
0
52968
1388265
58502
82832
4298220
307895
56254
17192
165533
78843808
198588
616847
411050
0
3017586
15093621
98175
28190
255578
0
3205415
0
135344
1600721
11423944
47626
12656312
12427428
10404321
0
3587192
46703
15353411
4576302
0
0
47575
0
0
0
0
59452
0
0
178208
0
0
13171507
56034
9220414
0
17431193
4990395
60107
399731
332097
0
0
874042
56987
0
0
0
1553687
0
233375
0
65453403
574188
30727
0
0
29266
45767
608008
12609370
66186
187674
959126
2384639
27525
285897
0
0
0
0
19018
0
111131
0
13584758
24878
92425
262173
0
43398
0
0
72673
41389
17632
0
30015
35038
0
0
2003039
0
0
437498
22326
6084449
11557184
59125
0
0
61836702
24670
0
812361
0
31439231
105518
62357
31140
16464
8537021
21191
2014844
510507
168567
0
101456
239796
0
0
0
38465
0
45407189
0
0
17480
0
0
0
0
174810
61690
1889443
265028
0
150384
0
37438
0
13297
387590
89666
0
28068
30928
188021
0
27023
35928
0
0
12992179
0
0
3159891
0
5589851
2615554
97658641
0
404980
53120
208759
0
0
360935
2455494
0
319557
0
0
0
14880
664374
173503
185207
383747
41260
0
2831536
0
30998929
0
0
23275
25529
0
25492
0
193236
56788
2780895
18289
63936
0
38933
0
0
0
0
0
0
0
0
81783
0
1053669
89001
443494
371546
45054
1501050
140101
174408
1189329
1808394
160174
65697
0
0
82833
12774
3905175
0
0
68671
5085040
1079012
279405
511124
624245
554140
0
0
40056
352239
0
0
0
0
45727
1601569
0
15510
66940
38929141
0
0
1205270
0
2152556
56297
221028
0
27631
46511
8923706
34529
96774
17960
173244220
0
0
261339
1426680
5933047
53135
0
10079006
56167
0
0
4234056
14186
204639
2144773
1196416
0
216986
423303
454555
88325
18769
5838327
137842
22569
0
79154
49702
19085
0
2447628
0
0
4428127
9897487
0
84491
15330
55269
111167
272080
0
21131
217784
1772980
72016
0
0
17521
0
216405
215052
65552
0
303706
1013607
0
270347
187170
0
20639
33361
38529
0
0
15556
65391
1657970
0
131499
88075
0
78143
6620674
237793
136838
0
10968629
0
474568
0
53407
901099
4202256
32211
0
546457
0
19635976
10258158
6892635
0
303518
506115
1246516
3140230
0
169894
0
83366
232940
243924
163143
0
0
0
0
122925
49595
0
0
0
1093246
101839
46307526
0
1356840
272847
810996
2662588
444490
3877627
543285
113533
358228
0
2972708
3181107
77653
1677547
1213599
5571680
0
64414
0
0
89357
0
0
0
91089
0
29372413
3277212
0
60716
33045
64634
2245350
0
0
177728
0
170208
213031
0
5272369
269666
88607
23349420
39159
69315004
622924
1911314
13313
0
411478
6176157
115386
0
0
0
0
0
139774
355642
3757085
34413
0
0
148396
8177263
146877
328826
0
21554
0
0
2360299
425870
6366349
0
16902
39676
224673
0
0
0
174118
29076
0
21265
0
13478
0
53625
0
17485
0
0
0
0
0
4958012
0
1323885
35034
14788
0
4897480
16912
17070818
0
95387
33756
49108
603808
4769270
315708
17575
361236
0
126177
11196921
284954
10174194
0
0
173389
55276661
188076
0
134265
159719
45150
74679
108669
0
0
234120
0
0
0
1121610
0
0
18530
0
0
1908868
0
0
213338
69906
33812
143359
305996
8827377
389472
0
1553302
30150
0
357039
0
7512707
0
0
431701
352047
89308
52629633
280091
63099
56703
98600
0
476965
0
32590
741438
0
33499
203819
20285
43796
35974
57376
19699
0
54684
117599
1283914
0
2109334
38729
0
0
0
755717
381425
0
0
5854942
36697856
1581719
0
67670
111998
0
1136773
60954
23534848
44224906
686306
0
0
175012
28078
0
5008805
0
155161
0
1608110
29954
0
0
2739743
6996835
19622
2059463
6431372
41829
0
6839319
26339
0
766843
769742
191963867
0
1854326
0
71722
6785296
618299
141332
1311484
0
25675227
0
287428
119294241
5904454
14432
24904199
27825
239120
2580057
1011728
0
4642740
82892
39577
227563
0
255879
0
2886210
0
1874143
15825
1124463
8962638
6684477
44295187
596893
11287023
20599318
0
0
68016
20612
82346
0
0
181594
62884
39148
0
103457
82165
43728
42546
19811555
163716
0
212293
5881862
362796
3192674
56365355
2665081
194196
0
0
40501964
67812
25086
0
371932
238365
69743
1105044
114265
0
0
0
0
0
435185
0
14850388
27509
0
80755612
84271
0
231018
81991
49881
704369
2917411
89902
20249
26781
12695618
79471
38241315
12568485
0
142311
106755242
36612
19611119
25924
3965861
847364
0
68755779
84804638
294798
30956
851931
382770
0
0
1458217
720506
0
0
0
116293
0
0
0
85070
604152
152118
60031
184885
974390
0
32023
213165
0
0
111857
0
97024
86555
0
0
0
4982500
543665
17269191
0
114733
54306
2518421
0
0
16892
0
61710
851108
38137
564251
13360499
118090
38984
11864409
233687
31899467
0
0
0
160692
0
0
22517
201368
19384
289557
418180
1749406
397916
6833654
483560
47638
293612
3132617
30450
24995
322561
0
0
158003
214302926
75367
0
79686
74869
106880
2723225
0
3399604
0
1738565
0
60829
100939
220280
14544
1354779
286232
0
53304
0
0
29954
280742
0
1410911
261188
58962
255993
503306
202755734
14180
578381
0
267454
101095
58111
176765
0
0
9920054
4851534
0
12775596
0
202590
23751367
0
0
44871
227091
0
4932092
0
0
0
19591
0
0
0
0
109749
0
0
343898
0
0
208604
0
0
0
0
99110
0
0
0
0
0
75297
343992
134470
863046
3796788
0
281833
15835076
0
107336
45654
101630
7370612
118519
0
555853
0
0
9981485
0
366784
47114
0
0
42373
0
0
0
0
829401
98916
0
0
0
28353
0
24018
4457991
937406
0
0
0
0
0
0
0
900683
1954286
842883
0
105005
19838
1281084
54463
926688
95822
1817718
47932
1313083
357339
0
2935535
3813904
297172
49371
10692715
0
79674
0
316641
2734565
29491537
0
305148
2370802
13847
0
4628779
2372634
22339084
0
0
869502
187926
346686
1688770
196197
0
2587498
0
0
460082
23223
2040295
36492
0
0
0
0
0
0
295505
57272
6469975
25111
0
0
51634
519428
12452126
0
1163999
16508
0
0
0
0
0
450646
24797
878659
463980
253265
40167
0
495920
220561
0
389608
8430809
0
103507
0
0
1451860
0
208371878
0
0
0
36636558
3192001
0
1289528
0
0
0
0
6642666
301053
0
0
13893537
403780
0
0
270393
63357901
204616
220361
0
16567733
0
1818184
111459
27737
216470
0
0
276278
0
0
0
0
36448
84644
0
3847152
239431
318312
1580640
7606395
18580
1512455
1311615
104552
457068
184639
0
0
0
0
0
175337
2280877
16545
0
0
0
164701
203583
0
767608
0
23113
238032
0
1041321
0
0
425778
329153
0
0
0
164598
0
14498
0
0
14088
80464
295873
0
2787168
33126
294125
1522943
0
258314
0
350890
1631719
92798
274495
861230
0
0
0
165469
2347810
303519
0
465187
54998
0
1672710
0
0
13096
8632058
17222
299348
62104
24953
402032
49346
1871940
0
162553
55906
0
331525
0
4789565
0
0
0
0
18213
0
195506
0
56393
20423792
225662
24298
93203
16595
0
102946
16449
142747
765275
37426444
527040
1222232
86424
185496
13452150
92060
51354
1341822
0
78672
72334
49272598
7298920
0
372095
2004845
0
0
0
0
0
0
0
0
0
0
141125
0
220245
0
75315
16980
36978
106565
0
19792
54561
42461
0
13913
0
50450
0
385306
0
1024935
35839
0
0
0
35595812
855998
6005834
0
0
0
67590
0
16442
34993
5416970
0
100010833
2141445
94968
79324
0
238581133
0
0
0
113771
137381
0
0
12787
0
0
0
0
0
0
0
0
33710
367639
0
121505269
39233
1567565
0
0
0
0
0
0
0
51553238
0
688769
0
0
80157
0
323676
0
41109
5416004
1675632
0
10009522
4842423
203700
29561
391339
357156
78562
0
0
1908837
0
0
0
41173
45477
31324712
0
30703
2942538
0
757962
26029159
378697
83135749
50603
400248
0
23387
0
0
0
8506049
431427
26713310
29719451
0
5944531
0
0
150306
0
0
142550
7120274
25431
0
3170817
0
294373
811922
180057
5756937
74236
0
4833410
0
181090
0
3890646
214786
0
468643
5370074
203615
1421064
366114
725421
59629
0
4493143
321273
351048
0
350981
124026
19998411
41784
487640
0
1419320
11577917
907481
318653
1499516
0
4000406
131836
0
589081
164168
62683851
0
10109662
905624
0
0
69321
15148133
21115
1218040
0
143773
89293
0
82267
109524
0
101849
0
0
0
0
0
0
0
404915
79323
2295629
325911
0
0
0
50789
8744772
925062
463592
0
112968
3828491
0
13110
268482
11090579
347571
151553180
52518330
285274
0
194345
0
3512824
2012524
5061965
1065657
936028
2114252
9760468
46292709
45697
1081839
100733
171410
0
1925618
3479265
18604
3240045
58352743
161913408
1553737
453104133
33096627
0
363443
0
5547528
724786
4413680
6257493
11141309
0
24734
0
18504
0
701658
0
49452604
28290
581515
3399504
2159937
48974
3893544
52675
76134
97231
0
3336905
0
201103
0
630695
38254292
0
14790
4643592
32019
519188
0
0
146019
22399126
0
34650
3492842
0
353280
190433487
188393
65680
65454
0
2773263
872742
855795
35952
189957
0
13276
0
426699
0
0
0
0
0
49468
0
176295589
0
0
272080
0
2552684
2814273
0
122408
1168038
13934
42494931
88745
0
0
1907651
11116275
0
3031945
360440
0
18912
9118589
20275
291308910
728360
22242164
138433809
0
0
438727
0
0
149756
1939514
3914849
0
0
29544
30021
0
0
0
11414669
3958211
1807545
608154
32385
40045
0
0
18711440
63137
0
33541
216746
1271153
1076600
9120620
51128
3215366
152978354
81444510
228078
0
39724
1357079
0
404657
76458
161099
1754828
117550
0
26313
284766
0
31241
101024266
517320
105215
0
0
0
0
336960
0
0
0
80439
17689
13224
7743126
202236
569392
0
0
39819
3941313
0
0
0
0
0
0
22450333
0
0
0
0
816011
0
44829675
7986526
0
0
13132
21352
81028
16910
24093
156355
458846
47919
0
181045
0
545031
18889
0
77965
0
0
188874
0
9497382
30047
66703287
60952
4329457
323774
32482
28851
736651
0
134046
73497
159115
141721
21936
5436623
0
372213
0
0
0
3488691
0
47130
1580071
129787
322684
0
0
36605
137708
15702
779597
198985
0
900023
2575587
109555
19816
695208
1063572
1097437
0
78801
57104
17705
1158175
162262
265955
438339
33987
0
75398
0
3082372
4551615
373827
13739
0
3623863
0
0
32311923
0
2213445
0
2612095
0
0
0
5850031
22572
0
92032
391399
1578713
12734467
60284
524034
100466
1251090
949054
21324437
44669
0
0
45863
0
0
0
248694
467481
0
0
8835685
663914
2332355
0
0
867135
0
346919
0
0
0
0
0
0
0
847255
0
44120
156204
0
603920
125756
0
0
16535
1095269
1697095
0
0
0
480410
55371
3108136
526687
27462
0
0
0
504455
342966
0
77335
0
420412
165341452
3079923
834301
25447
66004
31613
0
0
50780
165560
17611
594255
340393
519106
512088
34801
0
411033
0
0
0
0
0
209181
0
158469
2287798
158156
375008
63794
0
0
0
0
87019836
625940
57784233
0
377723
57486
0
0
28949
34181
43491
0
0
0
42377
11222332
15484166
50436
43808
1812605
17793
858061
48306
55706
155055
23048
239956
355602
113169
0
0
2025634
29488
0
265576
30054
2727306
47230
333638
0
144512
8526525
0
63370
77016
62782
521483
0
580527
1534342
0
1294069
9719559
0
86809
118812
31775
0
146878
0
303140
0
71332
547379
37088
0
0
0
0
3561389
344956
0
243850
18846
706018
33708
16330
0
313105
0
20273373
85450
133951
146716
17311343
3565676
317945
200207
170224
0
0
27138
37602
130077
54967
84004
0
295148
0
668030
0
0
0
0
0
153252
0
0
0
602308
0
0
1537786
0
33674672
2034449
164459
1333053
0
91941
0
35222
0
19079783
0
0
0
0
0
34383288
9274206
137396
2019275
108388
17751
1865665
181185
0
5602073
0
53560
14094
0
70859771
750932
47950
9769437
0
0
0
0
0
0
17030
0
57999
0
1116242
53095
916110
233234
71928
15534490
496040
0
223130
0
117408
86775
3372997
2309859
494586
0
96238
4861901
0
14470
834143
418326
33152
14414
15372
44893
198272
2361385
2320926
3317039
3850460
0
69334
0
0
52048
220695
0
72849
21504
0
26030
54779
0
0
0
277705910
0
322293
3747696
13981773
287692
0
1134572
282061
126441
42336117
167487
0
0
863969
0
0
0
0
0
0
129399241
96227
12095723
0
0
0
45218
63177
69505
423334
601478
63234550
0
1979526
0
0
59505
0
21840
24903
16889
0
49427
12744763
0
0
103438
782849411
0
1061529
37219937
0
0
701170205
504374
541003982
0
5070673
0
0
0
14030556
2970770
2171107
13587
14441
46026
1332569
97451660
217856550
144657
184641
95489240
0
0
84997
0
7747699
1421673
16869
353392
270014141
81063
0
0
0
223417394
4410853
52106
0
212889
0
15751985
28106
22613
1343168
113212
7284386
456603
229475
16621
17449
1007823
0
0
13582
923335
0
620778
229501
0
15896
122984
76707
1184410
38595
2268649
0
15272
1884762
892403
69678
0
0
13763074
0
17981854
18010
0
696108
19390
176038
101823
344748
861822
59950
5251527
100375
616707
48587
245809
79418
2978189
7488669
202950880
657204
184883
0
23544
39709
0
143689
14541
129756
224709
142437
30345
155192
217070
0
32508
117798
279464
11158233
8007166
17037
40539
0
3974407
32945
258055
359291
56684
196676017
683909
1023702
0
0
0
0
70708
402717
63910
3262695
0
0
0
0
239271204
0
131875
0
65122
0
21528
0
0
19316
0
0
0
0
473077
123054
0
0
12716
58704
0
5672353
57530
14407
0
70288
537047
0
0
41244
995273
83633
0
0
17223
75616
742507
222783
0
9327874
68188
707113
0
26615
943575
10508427
13373535
281449
4813052
531760
1393402
385134
149678
931552
33364
185555874
41882
3318074
5551049
210204
2348935
35112
0
0
38676
14761
0
0
0
149001702
0
20996
112958
0
158397
2698722
29885
0
3360286
80605
0
685050
114841
138100
0
0
0
0
13018
1769562
93552
157289
768869
509986
0
0
0
0
0
222649459
24979
955271
31019
1344312
90429
36831035
13560922
0
0
37957036
51689
0
473474
0
0
644374
4901668
20686918
0
13337599
0
19451
0
0
0
0
9065369
1495922
149746
0
16413
0
0
0
0
0
11697252
112385243
5897046
110086585
0
21437
0
23648838
31816971
1705417
1087707
558296
0
0
14243681
28201
0
3628684
196767
7092806
0
0
0
145105
553588
0
2586701
1672572
19442315
23931
82145
57141
27378116
0
0
440547
18640
0
15747018
170140
0
0
51842
0
38021
90112
1519533
56547673
7890695
354532
8208473
0
34201786
663496
8236889
0
45704
0
446953
0
172713
1070444
297941
25806
0
0
389195
215448
17273017
0
37640
287494
0
0
14335
0
47157
0
0
913646
0
2079165
66441
71439
14181
17745
0
35762
2609404
0
109419
79632
100981
5369048
702353
0
40050
897431
32136249
15457
254461
18411
0
0
35795
21693553
2879094
11020361
1484384
55157142
35345925
0
0
0
0
205722
0
0
48591
0
39823
105028
0
15258
0
0
566730
0
92891
277187
65659
243798
7413309
252616
0
0
39840
1372589
14476
0
0
30910
0
0
21888
2406691
336799
0
73125
0
1685130
7430480
0
0
124886
0
3761208
6238319
6610108
0
727598
37154
0
0
1376804
17083
10058686
102668
18014
0
4986307
0
0
17261850
0
0
0
174958
135636
0
17303
4635949
1025839
14203
45643
140219
0
0
4530277
0
243118
0
156751
0
1705761
1631867
13639
977071
0
0
168757
0
33740
19945569
0
454542
1489583
0
415457
2332335
7815027
0
0
234072
0
7240854
12984
66404
73594
0
0
0
101811
1898217
0
185622
7474964
0
0
0
51067
0
3681027
77070740
0
33310
1067335
0
0
19943
0
2510350
52703
0
0
0
175766
0
0
0
0
169967
0
81258
0
1336605
58870
0
0
0
139384
0
26652
21795075
0
0
0
55097
14125
289235
0
0
321800
0
0
0
0
179861
0
0
0
0
0
0
110045
0
0
0
0
296481
0
0
207262
0
0
0
36026
0
0
0
8127694
0
0
0
3929056
0
0
313296421
126166
13031
1377567
0
0
20266
814145
0
0
0
0
0
0
0
41188
159995
631185
72603888
2888724
56512308
8657709
0
0
0
0
0
0
0
0
0
94251
0
590631
0
0
0
0
0
0
0
0
0
0
0
0
0
1035406
0
0
0
0
146576
113090086
0
125824
0
0
0
1014009
0
0
86607
0
31323
0
0
0
0
298533
38341510
0
0
0
5544484
0
0
0
0
0
0
0
0
0
0
49640
38087999
0
0
0
0
0
0
0
15526
0
4685830
0
3054809
0
4903932
0
12983
0
0
0
19152
0
0
0
0
25440406
149320234
4948609
269448880
30010
42348
17044981
0
171456
201906
96583
287546
2096533
37574
0
50618
59649
0
0
103959
2783775
139242
29331
0
0
0
0
48840
84769
2052690
57094711
71633
1193133
152885
182061247
11325360
99641
24079
162215
0
216576
0
0
0
0
0
110502
3744912
14567
50570
86547
0
12778
281539
0
769723
84284
0
0
1657182
0
0
0
0
0
5408483
17134
0
0
0
0
67739
0
0
106744
0
119882
32100
2642418
44810653
25082
30318
0
0
655338
0
2282346
19725
53837
0
39718
19096
0
21780
0
63578
20166
0
0
0
0
1883158
1493908
14204074
4618752
1777489
1422550
26854
168580
7469512
788583
0
108132
363403
1218256
669846
395855
2056167
150281
243525
0
18629
0
0
751274
32735
1073710
0
0
825292
0
995524
282961
365410017
25474
77333335
0
0
0
0
0
1183443
977544
0
0
17587586
82864
0
0
44098
31188
133399
0
124743
1952255
0
0
110986
0
17009819
2458792
0
37992
2201559
5969493
0
289521
86820
40140
87035
0
15992
51894
36286003
2876354
46330
146483
0
187062316
0
50332
1850201
13991160
287086
1754634
14166642
50443
115668
5000420
13302
52978
22376
0
22892
117594
4479514
885674
0
0
0
0
103682
0
407673
9082826
72009
0
2155662
36232
12829
0
0
2159792
64600528
470343
506278
242035
0
0
49012
0
123980
21675
81162
957170
104083
0
2454421
0
37888
0
767124
10746027
4905374
32059663
388963
26261
21672
863379
1033509
0
232056
0
0
0
209222
0
493709
0
0
0
0
0
0
115018
499113
0
348440
0
0
251238
0
1861879
0
68297
156095
176850
79144
13839
16705
0
1554217
0
41443
576479
1366964
8737438
738631
5198530
19825
366081
24095
62596
0
102509
0
0
5013500
777896
2362199
1789027
0
92803
60268
206432
876767
0
1283521
0
0
0
29821525
0
0
7744070
1535192
14837851
1459126
0
1723021
0
0
0
658592
183450
76465
0
0
24708
15993
0
14979
10232302
32538214
0
0
0
0
22006
1759766
0
1218442
2375829
49780
474877
2775722
126492
46901
0
1122886
111349
0
108651
0
715192
0
41089558
0
0
92006970
215178488
7423674
0
892508
0
0
32415
0
867023
217064
11006010
46745
0
0
0
576427
31767
27793
572169
0
59540
92888
162053
0
0
0
2237421
1632945
1965230
605178
4692730
51439
71929
3162851
0
2634421
160228
49698
73571749
0
200613
0
56479
282891
66392
0
0
0
0
20506
0
3587993
0
11556427
163720
183705
0
0
3031408
366291
108810
0
0
14073676
108557
7346867
75287
0
310447
28578
56834
0
0
0
0
120920
0
23325
0
0
725891
5928569
0
0
51697
0
138331
2226856
21828
6462263
0
0
55009
0
8685589
25342937
28391
0
0
35122
0
70407
48116
360468339
27039
0
0
810514085
0
246582
0
163720
226194991
0
347565
832743
0
225341
0
885594
0
622629
26124
0
55706
591308
0
163310
209863729
34854
0
114054
85202530
31761
0
331753
21476
0
5199489
241096
0
43634263
106286
0
26746
17599
0
1049446
668862
19391
0
1178278
8186703
49358
3804620
25182453
419233
0
0
563949
179979
0
0
1670281
0
59604
2190271
660621
662169
333381
0
347101
27754
0
0
4376548
2273954
261805
172107
258895
717079
1016374
12628386
2162674
36379
8939582
28737
28795
16044458
0
422977
14656
46583
32493
0
1491628
1242341
1350866
8371548
0
5401677
19577
27775
841127
67266
20861
0
193038
119494
792363
24428
6671560
0
0
72784
17564
32365
1753886
0
0
6031432
0
0
0
0
0
0
0
0
364304
0
0
81225
86742
17600
0
70613606
51318
0
242520455
117085
50161
0
126261
125930
0
14647735
4355633
127627
0
0
0
0
93608
256170
0
83280
0
0
43669
0
72439
90910143
180947
98581698
431934249
4027528
48023
13243591
15677739
16975343
48075237
24619
572644147
5820050
4248524
131643
30929
0
68820
0
2781569
23332
0
0
2486700
0
316442
2447935
198351
185267
0
0
0
0
188579
6143580
126645151
260366
0
49156828
0
56421594
91544
121159
0
93928
0
0
0
92889
0
181964
53062
57927
0
17342
0
44962
0
0
18700
353193
0
1400039
71527
6022102
0
0
46248
39507
153110
0
0
0
0
0
0
0
59426
34524
0
5932756
0
0
35604
198064
0
17911
155733641
17487
0
0
0
0
0
0
16205
531722
0
0
0
17161
0
0
14733347
0
0
0
1211638
0
0
0
1980900
0
0
0
0
0
0
99793
0
0
0
0
0
0
0
0
0
247417
0
0
0
300957
337841309
6083904
0
0
0
0
0
50965
0
0
407816
0
40144
0
61349
0
427538
0
0
0
0
0
0
0
0
0
0
0
0
0
0
0
0
15022494
0
672164
0
0
29997
22796
0
0
0
0
0
0
0
0
0
0
0
42684
0
0
74408
0
0
29407
0
0
139187
0
105107
0
0
71366
57410
0
136612
0
318800
0
0
0
0
0
15177
0
0
0
434368
0
0
136341684
0
20672809
0
103842
51426255
0
0
38079
0
33661
0
0
0
0
0
0
0
0
812282
0
0
0
154277
0
0
0
0
20614
308917
20249
0
0
1609762
0
0
24901
0
49475
0
0
451312
21138
0
2154891
147546
239727
15316
20993
0
440514
0
0
37801
0
0
0
0
0
81391
0
0
2902469
0
0
0
0
37102
0
0
1194886
0
210124
24414
0
0
0
0
0
0
0
116722
311318
0
0
0
43694
0
0
0
1006514
0
192302
13668
0
1103856
452440
0
0
0
0
0
676066
0
0
0
0
0
0
0
0
0
64988
0
536783
33819
923678
46617
9719114
0
0
102570
0
0
377094
0
0
0
0
0
0
994277
0
0
64098
56246
58811
0
36160
0
0
0
15300
24137
30459
